9.528742790222167969e+00 6.299455642700195312e+00 -1.011001095175743103e-01
6.390279769897460938e+00 -8.781520843505859375e+01 -7.487551879882812500e+01
9.644000053405761719e+00 6.061106681823730469e+00 3.383932113647460938e-01
9.414926528930664062e+00 5.357232093811035156e+00 -4.405354708433151245e-02
9.078289985656738281e+00 6.475644111633300781e+00 1.506909728050231934e-01
9.475552558898925781e+00 5.535992145538330078e+00 9.411773681640625000e-01
9.321722984313964844e+00 5.266175270080566406e+00 -6.411350369453430176e-01
9.324570655822753906e+00 5.642619132995605469e+00 -7.902984023094177246e-01
9.151713371276855469e+00 5.532628059387207031e+00 4.000647664070129395e-01
9.267956733703613281e+00 5.639485836029052734e+00 4.050309658050537109e-01
9.910408020019531250e+00 6.393928050994873047e+00 -1.835665851831436157e-02
8.683364868164062500e+00 5.512991905212402344e+00 1.054483801126480103e-01
1.003786945343017578e+01 6.034636974334716797e+00 2.603515386581420898e-01
9.791663169860839844e+00 5.410783290863037109e+00 -4.350754618644714355e-01
8.879302978515625000e+00 5.991677284240722656e+00 1.523763984441757202e-01
9.516129493713378906e+00 5.879545688629150391e+00 8.365563750267028809e-01
9.258312225341796875e+00 5.592342376708984375e+00 -6.332015395164489746e-01
9.958860397338867188e+00 5.934956550598144531e+00 1.454638391733169556e-01
9.197168350219726562e+00 5.485567092895507812e+00 -3.419578820466995239e-02
8.609245300292968750e+00 5.898585796356201172e+00 1.681613028049468994e-01
8.856407165527343750e+00 5.951607704162597656e+00 5.486775636672973633e-01
8.709797859191894531e+00 5.919274806976318359e+00 7.522023469209671021e-02
9.277070045471191406e+00 6.308236598968505859e+00 3.072703182697296143e-01
9.263190269470214844e+00 6.046761512756347656e+00 6.754423975944519043e-01
9.350535392761230469e+00 5.536721706390380859e+00 1.971037387847900391e-01
9.392496109008789062e+00 5.155847072601318359e+00 9.883860349655151367e-01
9.442285537719726562e+00 5.564571380615234375e+00 3.020912110805511475e-01
9.863058090209960938e+00 5.793033599853515625e+00 -4.825109243392944336e-01
9.828244209289550781e+00 5.594824790954589844e+00 3.212325274944305420e-01
9.488432884216308594e+00 5.489683151245117188e+00 3.975134491920471191e-01
1.012459564208984375e+01 5.487465381622314453e+00 7.950572371482849121e-01
9.339195251464843750e+00 5.205128192901611328e+00 6.811943054199218750e-01
9.257877349853515625e+00 5.454186916351318359e+00 -3.339462876319885254e-01
9.983513832092285156e+00 5.160859107971191406e+00 1.145906746387481689e-01
9.924099922180175781e+00 5.097741127014160156e+00 3.870369493961334229e-01
9.539862632751464844e+00 4.747316837310791016e+00 -2.260480672121047974e-01
9.263302803039550781e+00 6.155463695526123047e+00 -1.259011924266815186e-01
9.130724906921386719e+00 6.132535457611083984e+00 5.345512628555297852e-01
-4.937269973754882812e+01 -5.866498184204101562e+01 -7.875083923339843750e+01
9.204576492309570312e+00 5.291135311126708984e+00 2.927866876125335693e-01
9.008394241333007812e+00 5.711980342864990234e+00 5.759680271148681641e-01
9.107613563537597656e+00 5.612423419952392578e+00 5.946458578109741211e-01
8.535677909851074219e+00 5.851098060607910156e+00 -3.427448570728302002e-01
8.614043235778808594e+00 5.618137359619140625e+00 5.301466584205627441e-01
9.850923538208007812e+00 5.755442619323730469e+00 4.968501627445220947e-01
9.814616203308105469e+00 5.412930011749267578e+00 6.638956069946289062e-01
8.896059989929199219e+00 6.164055824279785156e+00 -5.038890242576599121e-02
8.627039909362792969e+00 5.764290809631347656e+00 4.901701807975769043e-01
9.131868362426757812e+00 5.401519775390625000e+00 -4.749138951301574707e-01
9.621303558349609375e+00 6.359458923339843750e+00 -1.017859697341918945e+00
9.070649147033691406e+00 5.211801528930664062e+00 4.702236652374267578e-01
1.021282577514648438e+01 5.569993495941162109e+00 4.687519371509552002e-02
9.318878173828125000e+00 5.096151828765869141e+00 8.010480403900146484e-01
9.109702110290527344e+00 6.509614944458007812e+00 4.544092416763305664e-01
9.137705802917480469e+00 5.033522605895996094e+00 2.186835259199142456e-01
8.769897460937500000e+00 5.154564857482910156e+00 -5.851203203201293945e-02
9.608044624328613281e+00 5.998813152313232422e+00 3.873322904109954834e-01
9.448340415954589844e+00 5.943431854248046875e+00 8.400274515151977539e-01
9.163571357727050781e+00 5.419611930847167969e+00 9.947698712348937988e-01
8.714048767089843750e+01 7.880790710449218750e+01 -4.406211471557617188e+01
9.330575942993164062e+00 5.865394115447998047e+00 6.881315261125564575e-02
9.268054962158203125e+00 5.163750171661376953e+00 -2.838997840881347656e-01
-5.759225845336914062e+00 2.314698934555053711e+00 3.498970746994018555e+00
9.557770729064941406e+00 5.807894229888916016e+00 4.313016533851623535e-01
-5.665007591247558594e+00 2.389803171157836914e+00 2.320504903793334961e+00
9.459819793701171875e+00 5.453750610351562500e+00 5.002146959304809570e-01
9.637296676635742188e+00 5.752591133117675781e+00 -4.670144021511077881e-01
1.002336597442626953e+01 5.757288455963134766e+00 1.696624904870986938e-01
-5.283352851867675781e+00 2.336853742599487305e+00 3.617432117462158203e+00
9.671674728393554688e+00 5.812722682952880859e+00 4.373421669006347656e-01
9.816607475280761719e+00 6.201681137084960938e+00 5.748279094696044922e-01
-6.171116352081298828e+00 2.863320112228393555e+00 3.571510791778564453e+00
-5.749904632568359375e+00 2.870554924011230469e+00 3.770426750183105469e+00
-5.687587261199951172e+00 2.332937240600585938e+00 3.805372238159179688e+00
-5.878100395202636719e+00 1.836394309997558594e+00 3.140462636947631836e+00
-6.242038249969482422e+00 1.674532294273376465e+00 3.271535873413085938e+00
-5.400412082672119141e+00 2.988975524902343750e+00 3.608026742935180664e+00
-4.935023307800292969e+00 2.471675395965576172e+00 4.021262645721435547e+00
-5.545293331146240234e+00 2.435003995895385742e+00 3.580191612243652344e+00
-5.085418701171875000e+00 2.594113111495971680e+00 2.618425130844116211e+00
-4.691399574279785156e+00 2.359422683715820312e+00 3.716415166854858398e+00
-5.203744411468505859e+00 3.353293418884277344e+00 2.970528841018676758e+00
6.095444869995117188e+01 3.558265686035156250e+01 -4.806185150146484375e+01
-6.111073970794677734e+00 2.567161798477172852e+00 2.568301439285278320e+00
-6.464749813079833984e+00 2.148174285888671875e+00 2.371630430221557617e+00
-5.778490543365478516e+00 3.316049098968505859e+00 3.016535043716430664e+00
-4.990045070648193359e+00 2.492726564407348633e+00 3.699333667755126953e+00
-5.072338581085205078e+00 2.581465244293212891e+00 3.217800617218017578e+00
-5.974097251892089844e+00 2.005541563034057617e+00 3.538840532302856445e+00
-5.122607707977294922e+00 2.818645477294921875e+00 3.280911684036254883e+00
-6.000705718994140625e+00 3.322839021682739258e+00 3.232693910598754883e+00
-5.788660049438476562e+00 2.971488475799560547e+00 3.354753971099853516e+00
-5.172364711761474609e+00 2.100471735000610352e+00 4.087312698364257812e+00
-5.966080188751220703e+00 2.245930671691894531e+00 3.043087482452392578e+00
-5.368850708007812500e+00 3.045993328094482422e+00 3.578373908996582031e+00
-5.255370616912841797e+00 2.346505641937255859e+00 3.187109231948852539e+00
-5.913173675537109375e+00 1.808603167533874512e+00 3.569197654724121094e+00
-5.746892929077148438e+00 2.620708227157592773e+00 4.074693679809570312e+00
-6.803390026092529297e+00 2.995630741119384766e+00 2.681696414947509766e+00
-5.969579219818115234e+00 3.328848600387573242e+00 3.281258583068847656e+00
